RV_ED,MYO_ED,LV_ED,RV_LV_ED,MYO_LV_ED,RV_ES,MYO_ES,LV_ES,RV_LV_ES,MYO_LV_ES,EF_LV,EF_RV,weight,height,pid,group
146.875,171.5087890625,294.2626953125,0.4991288475898117,0.5828424458641003,78.5400390625,185.3271484375,226.6845703125,0.3464728056004308,0.817555196553581,0.22965236870488676,0.4652593085106383,95.0,184.0,1,DCM
98.74992370605469,178.32183837890625,246.1925506591797,0.4011084959380457,0.7243185786956191,36.71112060546875,200.1728057861328,175.66757202148438,0.20898063417748458,1.1394977654820175,0.2864626831675651,0.6282415294340337,70.0,160.0,2,DCM
169.3603515625,161.4501953125,266.552734375,0.635372778897234,0.6056970141051474,142.7001953125,169.921875,235.888671875,0.6049472158973297,0.7203477540881805,0.11503938450265616,0.1574167507568113,77.0,165.0,3,DCM
108.97445678710938,152.3773193359375,260.80970764160156,0.41783129076184333,0.5842471153157027,79.62799072265625,166.6393280029297,222.13592529296875,0.35846516324469874,0.7501682935038707,0.14828352325664731,0.2692967409948542,46.0,159.0,4,DCM
170.7802734375,200.00830078125,287.395751953125,0.5942338127021262,0.6959333929677286,71.764892578125,207.76025390625,208.294189453125,0.34453621950061714,0.9974366277413842,0.2752356705429024,0.5797823066234368,77.0,165.0,5,DCM
231.15577697753906,137.3462677001953,289.9566650390625,0.7972080136402387,0.47367860187553285,164.59922790527344,128.72543334960938,218.33267211914062,0.7538918765921313,0.5895839230116049,0.2470161977834612,0.2879294212003743,70.0,180.0,6,DCM
272.53125,188.71875,309.09375,0.8817106460418562,0.6105550500454959,209.49609375,189.94921875,265.39453125,0.7893760763014969,0.7157239369452908,0.14137852593266606,0.23129514963880288,107.0,173.0,7,DCM
165.33203125,173.5107421875,277.587890625,0.5956024626209323,0.6250659630606861,110.3271484375,183.59375,236.1328125,0.4672249793217535,0.7775020678246485,0.14934036939313985,0.33269344359125813,100.0,180.0,8,DCM
84.76860668182373,189.4442841720581,260.3994398422241,0.3255329839925346,0.7275141770152896,43.963784545898434,195.201446434021,228.1555927581787,0.19269211863018187,0.8555628379485499,0.12382456392218799,0.4813671444321941,61.0,153.0,9,DCM
227.587890625,157.3974609375,298.4375,0.762598167539267,0.5274051047120419,174.4140625,164.1357421875,263.2080078125,0.6626472497912995,0.6235970689175401,0.11804646596858638,0.23364084960308948,68.0,170.0,10,DCM
178.0113948097229,140.5097988243103,230.80447587966918,0.7712649164677805,0.608782816229117,136.12506462860108,144.718262298584,198.0842232131958,0.6872080088987764,0.7305895439377086,0.14176610978520285,0.2353013986879564,70.0,180.0,11,DCM
90.6005859375,157.2998046875,303.9794921875,0.29804834953015824,0.5174684764275962,24.8779296875,172.265625,245.99609375,0.10113140134974197,0.7002778880508138,0.19074773110593526,0.7254109404473188,59.0,160.0,12,DCM
140.9186089553833,210.91835081863402,260.1542181930542,0.5416733579572828,0.8107435362132648,102.67046590805053,237.886320602417,187.39710064315796,0.5478764909151711,1.2694236985843272,0.27966918259193835,0.27142010080047435,57.0,175.0,13,DCM
217.25810704803467,170.116668006897,316.43831147003175,0.6865733356961428,0.5375982042648709,161.87345840454103,178.49072220611572,274.75496132659913,0.5891557248792435,0.6496360296618817,0.13172662295469315,0.2549255785941667,75.0,175.0,14,DCM
109.04962544250488,123.10607356262207,192.71539909362792,0.5658583899127061,0.6387972841901067,37.30940219116211,138.7513489303589,131.68574069976808,0.2833215046132008,1.0536550745209368,0.3166828322017458,0.6578676722660267,57.0,158.0,15,DCM
219.48292681503295,183.61615367889405,346.4475436592102,0.6335242689176966,0.5299969852276153,174.84268558502197,190.73937420272827,312.2310180931091,0.5599785910216096,0.6108918177560715,0.09876394332227922,0.20338821737889026,54.0,173.0,16,DCM
280.322265625,144.4580078125,329.19921875,0.8515277365766835,0.43881637496291903,218.75,155.95703125,286.8408203125,0.7626180951570346,0.5437058473061537,0.12867101750222487,0.21964814492248738,85.0,178.0,17,DCM
170.21012843322754,101.49802299499511,197.53795709228515,0.8616578349735049,0.5138152914458743,136.9195245742798,110.24591889953614,152.19095823669434,0.8996561041513141,0.7243920412675018,0.22956093868281602,0.19558532835493078,79.0,161.0,18,DCM
175.86625686264037,184.86950626373292,322.4458416595459,0.5454133195128271,0.5733350608966054,103.38069903945923,199.22039336013793,232.81024263381957,0.44405563032750117,0.8557200538358009,0.27798652500647847,0.41216296472265107,97.0,191.0,19,DCM
105.98343318939209,71.93277914428711,172.04540991210936,0.6160201149425287,0.4181034482758621,48.016984016418455,85.00303927230836,150.26164303207398,0.3195558297347316,0.5657001850709439,0.12661637931034475,0.5469387755102041,106.0,182.0,20,DCM
149.5033416748047,235.0466766357422,164.56935119628906,0.9084519115378021,1.4282530430310303,38.22929382324219,279.8215026855469,58.37373352050781,0.6549057515708071,4.793620106331561,0.6452940168009601,0.74429137573127,110.0,192.0,21,HCM
69.708251953125,53.294677734375,70.400390625,0.9901685393258427,0.7570224719101124,42.51708984375,66.72216796875,24.08642578125,1.7651888341543513,2.7701149425287355,0.6578651685393259,0.3900709219858156,42.0,165.0,22,HCM
76.22499084472656,142.9871368408203,82.42910766601562,0.9247339077546883,1.7346680182463254,37.12025451660156,164.6075439453125,24.5657958984375,1.5110544217687074,6.700680272108843,0.701976685250887,0.5130172650041107,74.0,166.0,23,HCM
91.455078125,120.0439453125,98.681640625,0.9267689262741218,1.2164769915883227,43.3837890625,154.6630859375,31.4697265625,1.378588052754073,4.91466252909232,0.6810984661058882,0.5256273358248799,85.0,175.0,24,HCM
148.41461181640625,180.17234802246094,161.18125915527344,0.9207932274150528,1.1178244230546213,48.67401123046875,214.11705017089844,62.618255615234375,0.7773134328358209,3.419402985074627,0.6115041168966717,0.6720403022670025,82.0,174.0,25,HCM
136.00311279296875,248.1365203857422,161.12518310546875,0.8440835266821346,1.5400232018561484,81.048583984375,282.3802947998047,78.11393737792969,1.0375687963627662,3.614979660205791,0.5151972157772622,0.4040681693238043,70.0,170.0,26,HCM
105.64727783203125,179.443359375,142.2649383544922,0.742609381158849,1.2613322822230981,35.29052734375,213.79928588867188,44.972991943359375,0.7847049044056525,4.753948462177888,0.683878596767836,0.6659589525831564,60.0,158.0,27,HCM
172.509765625,173.5595703125,130.9326171875,1.3175461495431662,1.3255640499720305,73.73046875,197.65625,35.546875,2.0741758241758244,5.56043956043956,0.7285101622226365,0.5726011887913954,76.0,177.0,28,HCM
104.376220703125,174.63951110839844,139.2742156982422,0.7494296067641927,1.2539256475640854,36.748504638671875,220.99571228027344,31.271743774414062,1.1751344889420203,7.066945606694561,0.7754663803516306,0.6479226361031518,55.0,163.0,29,HCM
80.02684020996094,127.5081787109375,87.56787109375,0.9138835877862596,1.4561068702290076,19.176361083984375,164.5448760986328,18.779464721679688,1.0211345939933258,8.761957730812014,0.785543893129771,0.7603758809710258,54.0,150.0,30,HCM
124.11578369140625,173.77972412109375,166.486572265625,0.7455002646903124,1.0438062466913711,41.2030029296875,215.93017578125,45.80804443359375,0.8994708994708994,4.713804713804714,0.724854420328216,0.6680276939463874,89.0,176.0,31,HCM
168.0419921875,185.986328125,149.70703125,1.1224722765818655,1.2423352902804958,34.814453125,234.765625,34.4482421875,1.0106307583274274,6.815024805102764,0.7698956294846706,0.7928228969925905,123.0,186.0,32,HCM
107.51953125,150.5126953125,136.181640625,0.7895302975977053,1.1052348512011474,37.6220703125,175.9521484375,50.29296875,0.7480582524271845,3.4985436893203885,0.6306920043026174,0.6500908265213442,89.0,165.0,33,HCM
120.166015625,225.4638671875,143.06640625,0.8399317406143345,1.575938566552901,21.7041015625,278.369140625,44.482421875,0.48792535675082327,6.257958287596049,0.6890784982935153,0.8193823648923202,79.0,172.0,34,HCM
136.11644034957885,107.00002073287963,101.27266299819946,1.344059061150578,1.0565538375818357,49.260919235229494,146.34386487579346,35.520903388977054,1.3868149324861,4.119936457505957,0.649254770859451,0.6380972121463364,80.0,170.0,35,HCM
123.49700802612304,123.24633750915527,136.55276411819457,0.9043903931467033,0.9025546886951201,48.1287392578125,153.0343506088257,59.137352794647214,0.813846697280113,2.5877781702578595,0.5669267247973077,0.6102841677943166,80.0,160.0,36,HCM
75.3046875,108.80859375,58.9921875,1.2765196662693683,1.8444576877234804,39.09375,130.921875,9.84375,3.9714285714285715,13.3,0.833134684147795,0.480859010270775,105.0,169.0,37,HCM
119.74990498352051,144.20127447128297,141.38877670288085,0.8469548133595286,1.019891944990177,71.4027211227417,157.1109864501953,62.19439509582519,1.1480571683787404,2.526127735596248,0.5601178781925343,0.40373463233588497,59.0,160.0,38,HCM
126.99129152679443,148.33594904708863,140.18029806518555,0.9059139784946235,1.0581797235023043,35.17965621566773,189.0334549369812,38.32886798095703,0.9178370786516855,4.93188202247191,0.7265745007680492,0.7229758372191607,100.0,175.0,39,HCM
125.74712590408325,224.34856070709228,144.29961933517455,0.871430752786685,1.554741181859826,61.05577113723755,257.66372705841064,78.24216647720337,0.7803435651929034,3.2931568572233174,0.4577798137120171,0.5144559313124234,95.0,172.0,40,HCM
103.092610622406,88.90262864685059,117.15504219818115,0.8799673380511703,0.758845944474687,61.98949429321289,103.85791302108764,79.01747266387939,0.7845036319612592,1.3143664245359161,0.32553075666848125,0.39870089699969063,70.0,170.0,41,MINF
180.82122802734375,119.64111328125,213.26522827148438,0.847870182555781,0.5609968125181107,91.83197021484375,140.6524658203125,144.7620391845703,0.6343649946638207,0.9716115261472785,0.3212112431179368,0.49213943950786054,99.0,168.0,42,MINF
114.30187319946289,93.15171518707275,153.05720237731933,0.7467918622848201,0.6086071987480438,58.1808989944458,105.31964301300049,110.2299288482666,0.5278139939156888,0.9554541503694046,0.27981220657276995,0.490989103101425,76.0,165.0,43,MINF
81.29158020019531,86.18888854980469,108.61930847167969,0.7484081913612115,0.7934950955085184,25.8697509765625,92.69371032714844,58.74900817871094,0.4403436207445116,1.577791918549157,0.45912923765272756,0.6817659232007358,54.0,180.0,44,MINF
161.7431640625,124.1943359375,215.52734375,0.7504531037607612,0.5762347077480743,68.603515625,122.8759765625,140.13671875,0.4895470383275261,0.8768292682926829,0.3497961033076575,0.5758490566037736,68.0,174.0,45,MINF
155.2734375,161.1328125,197.4853515625,0.7862529360860427,0.8159228582024972,76.26953125,187.1337890625,105.9326171875,0.7199815625720212,1.7665360682184834,0.4635925330696007,0.5088050314465409,74.0,186.0,46,MINF
115.02678563690185,127.01755921936035,206.43880071258545,0.5571955719557196,0.6152794861281946,69.68755470275879,133.02705280303954,176.64525505828857,0.3945056700207635,0.753074588723846,0.14432144321443216,0.3941623742948246,82.0,180.0,47,MINF
77.34375,122.705078125,145.41015625,0.5319006044325051,0.8438549361987912,31.34765625,138.5009765625,99.5361328125,0.3149374540103017,1.3914643119941132,0.31548018804566824,0.5946969696969697,73.0,167.0,48,MINF
53.75823974609375,87.3291015625,134.15260314941406,0.40072453671450464,0.6509683711857323,10.9161376953125,84.80567932128906,90.39459228515625,0.12076095947063689,0.9381720430107527,0.32618085551065906,0.7969401947148818,72.0,171.0,49,MINF
86.02066040039062,130.05905151367188,252.75344848632812,0.3403342700783908,0.5145688507617217,25.514602661132812,144.04067993164062,197.79891967773438,0.128992628992629,0.7282177282177282,0.21742345806833308,0.7033898305084746,57.0,162.0,50,MINF
147.63612421035768,155.95327323150636,213.71573860168456,0.6908060453400504,0.7297229219143577,76.30782354354858,175.333037940979,124.59573727798463,0.6124432922877511,1.4072153812918557,0.4170025188916876,0.48313582497721064,91.0,170.0,51,MINF
153.33349380874634,95.49466333770752,158.7538184928894,0.9658570437196392,0.601526717557252,59.75577456665039,109.75055793380737,109.68445641326905,0.5447971072719967,1.0006026516673363,0.309090909090909,0.6102888346026728,85.0,161.0,52,MINF
93.27350547790527,122.97522896575927,152.77041287994385,0.6105469227945675,0.8049675761654227,48.54334543609619,138.04104969024658,109.55431174468994,0.44309844736393106,1.2600238867087528,0.2828826624250581,0.47955911823647296,77.0,176.0,53,MINF
92.14551963043213,141.25894939041137,195.70456847381593,0.4708399009232155,0.7217968925917586,31.596526817321777,161.92669147872925,141.6775923538208,0.22301710730948676,1.1429237947122861,0.2760639495609097,0.6571018651362984,94.0,176.0,54,MINF
151.9894295578003,121.93527155303956,149.67587633895874,1.0154570881790077,0.814662152215516,68.15066767501831,123.67594492721558,94.74551277160644,0.7193023255813954,1.3053488372093025,0.3669954364787281,0.551609162075964,82.0,180.0,55,MINF
144.2655140838623,116.33953869628907,177.81780713653563,0.8113108378009041,0.6542625880374225,84.93683544921875,134.45216931915283,113.33011296844482,0.7494639617351146,1.1863763813293748,0.3626616209397666,0.4112464369007515,62.0,170.0,56,MINF
143.68304443359375,139.25830078125,119.0577392578125,1.2068349804833485,1.1696702931650196,58.96527099609375,160.0916748046875,75.284912109375,0.7832282637247177,2.1264775413711585,0.3676604933145088,0.5896156625262361,80.0,175.0,57,MINF
116.575927734375,117.34716796875,172.579833984375,0.6754898590580956,0.6799587487108972,39.175048828125,129.84521484375,117.18896484375,0.33428957138035775,1.1079986500168748,0.320957946602498,0.6639525021204411,68.0,168.0,58,MINF
140.0597948989868,129.4800746383667,138.54573599243164,1.0109282245008093,0.9345655693470047,51.47800282287598,141.51777754974364,78.02076390075683,0.659798754192621,1.813847628174413,0.43685914732865627,0.6324569598291738,68.0,173.0,59,MINF
135.205078125,98.4375,203.271484375,0.665145327888542,0.48426615421570984,40.869140625,104.931640625,135.693359375,0.30118747750989566,0.7732997481108312,0.33245255825126113,0.6977248104008668,51.0,172.0,60,MINF
157.2559356689453,104.45098876953125,136.54518127441406,1.1516769336071184,0.7649555099247091,76.1138916015625,119.49806213378906,50.30021667480469,1.513192121887774,2.3756967670011147,0.6316221765913758,0.5159871627243552,95.0,187.0,61,NOR
169.6674346923828,124.69444274902344,160.5083465576172,1.057063002212647,0.7768720158378944,90.37590026855469,144.04067993164062,75.74005126953125,1.193237907206318,1.90177690029615,0.5281239082333761,0.4673350225845544,74.0,172.0,62,NOR
92.78717041015625,71.40350341796875,89.62821960449219,1.035245046923879,0.7966631908237748,45.98236083984375,83.12339782714844,23.888397216796875,1.9248826291079812,3.479655712050078,0.7334723670490094,0.5044319097502015,49.0,165.0,63,NOR
163.437744140625,135.6341094970703,132.56338500976562,1.2329026158209897,1.0231641979199495,92.62307739257812,159.30166625976562,59.116668701171875,1.5667844522968197,2.6946996466431097,0.5540497951465491,0.43328220858895705,97.0,175.0,64,NOR
175.88671875,80.40234375,145.01953125,1.2128484848484848,0.5544242424242424,63.3515625,94.18359375,47.7421875,1.3269513991163475,1.9727540500736378,0.6707878787878788,0.6398161103337997,92.0,180.0,65,NOR
159.44290161132812,123.516845703125,147.33047485351562,1.082212636386704,0.8383658969804618,87.83378601074219,125.38604736328125,47.79548645019531,1.8377004301916309,2.623386781384435,0.675589951788886,0.44912075029308324,80.0,175.0,66,NOR
178.47137451171875,111.29226684570312,146.7884063720703,1.2158410798420987,0.7581815866547816,107.98377990722656,131.1431884765625,60.749053955078125,1.7775384615384615,2.1587692307692308,0.5861454221316694,0.3949518223711772,60.0,178.0,67,NOR
117.626953125,64.35546875,120.3857421875,0.9770837558304604,0.5345771648752788,58.984375,81.689453125,45.9228515625,1.2844231791600214,1.7788410419989367,0.6185357939566011,0.49854711498547116,64.0,154.0,68,NOR
75.1220703125,65.4052734375,72.8271484375,1.0315119007710358,0.8980891719745223,37.646484375,79.9072265625,32.03125,1.1753048780487805,2.4946646341463414,0.5601743211532014,0.4988625284367891,53.0,160.0,69,NOR
91.015625,68.896484375,85.9130859375,1.0593918726911054,0.8019323671497585,49.365234375,89.990234375,33.4228515625,1.476990504017531,2.6924762600438275,0.610969025291276,0.45761802575107297,79.0,158.0,70,NOR
135.15625,114.1357421875,163.6962890625,0.8256524981357196,0.6972408650260999,57.4951171875,112.3046875,67.7978515625,0.8480374504861361,1.6564638098667628,0.5858314690529456,0.5746026011560693,61.0,169.0,71,NOR
135.7666015625,94.8486328125,120.3125,1.1284496753246753,0.7883522727272727,68.26171875,118.505859375,48.876953125,1.3966033966033966,2.4245754245754245,0.59375,0.49721273152310735,78.0,160.0,72,NOR
141.60772705078125,102.63262939453125,124.24658203125,1.13973136915078,0.8260398613518197,66.9144287109375,131.3525390625,50.09161376953125,1.335840945728103,2.6222461042450296,0.5968370883882149,0.5274662611670785,96.0,185.0,73,NOR
194.3359375,113.9892578125,153.369140625,1.2671123845908947,0.7432346386501114,58.88671875,125.4638671875,51.26953125,1.1485714285714286,2.447142857142857,0.6657115568290354,0.6969849246231156,87.0,175.0,74,NOR
119.45094939422607,87.99383204841614,110.95290400886536,1.0765914642908463,0.7930737174881448,82.23812025833129,110.88912880897522,50.2867451133728,1.6353836398224475,2.205136334812936,0.5467739617761173,0.31153230112119595,93.0,179.0,75,NOR
198.193359375,112.3291015625,153.4912109375,1.2912358835692699,0.7318275807221251,62.98828125,125.5126953125,59.228515625,1.0634789777411378,2.119126133553174,0.6141243836487991,0.6821877309682187,87.0,175.0,76,NOR
143.074951171875,93.834228515625,133.385009765625,1.072646404744255,0.7034840622683469,51.475341796875,114.598388671875,49.16162109375,1.0470635559131134,2.331053901850362,0.6314306893995553,0.6402211472011058,75.0,180.0,77,NOR
172.78963619995116,138.56442807769776,166.490403465271,1.037835410351409,0.8322667564836645,94.39503059387206,158.11634926605225,61.4969605255127,1.5349544072948327,2.5711246200607905,0.6306275962725946,0.45369969710082214,84.0,185.0,78,NOR
124.24629076385499,112.95627126312256,119.16204357147217,1.0426666666666666,0.947921568627451,68.71210543823243,124.17152242279053,46.63675273895264,1.4733466933867736,2.6625250501002005,0.6086274509803922,0.4469685572438694,80.0,178.0,79,NOR
111.79243769073486,59.82038677978515,99.37105572509766,1.1249999999999998,0.6019900497512437,56.76138972854614,86.45529039764405,39.58156790542603,1.4340359094457453,2.1842310694769713,0.601679104477612,0.49226091763405194,74.0,155.0,80,NOR
153.47308158874512,81.4021224746704,153.07746208953859,1.0025844398894928,0.531770786917387,101.36044410705567,97.66344809722901,71.8936124420166,1.4098671726755219,1.3584440227703984,0.530344889047322,0.3395555555555555,70.0,177.0,81,RV
208.1303648414612,108.38595221328735,144.5146029510498,1.4402030008826128,0.75,107.09450441551209,126.38650238227844,63.91869408988953,1.6754801696183588,1.9773010725866798,0.5577007943512797,0.4854450743067259,82.0,183.0,82,RV
164.599609375,61.9140625,45.5078125,3.616952789699571,1.3605150214592274,138.76953125,65.673828125,19.6044921875,7.078455790784558,3.3499377334993774,0.569206008583691,0.15692672797389498,58.0,160.0,83,RV
114.7133272781372,34.30932250595093,59.0389513130188,1.9430109229064427,0.5811302833623556,39.047766120910644,33.514908882141114,19.67341974258423,1.9847980997624701,1.7035629453681709,0.6667722019946177,0.659605670523057,35.0,140.0,84,RV
195.94107019996642,65.84783760356903,80.5504331703186,2.4325265859919325,0.8174734140080676,133.73380497932433,74.46558196640015,36.169418928146364,3.697427521437321,2.0587995100040835,0.5509717638430509,0.31747946031506746,61.0,172.0,85,RV
236.2060546875,51.171875,73.828125,3.199404761904762,0.6931216931216931,189.8193359375,58.7890625,33.49609375,5.6669096209912535,1.7551020408163265,0.5462962962962963,0.19638242894056848,70.0,165.0,86,RV
236.52852196884155,118.10759191131592,161.76604028320313,1.462164256198347,0.7301136363636364,163.10294970703126,144.8040019683838,97.5526095199585,1.6719486081370452,1.4843683083511778,0.396952479338843,0.3104300980305572,64.0,170.0,87,RV
166.35117839050292,85.18097079467773,142.19110483551026,1.1699126930826056,0.5990597716588314,89.6555637512207,96.66757832336425,72.54843092346191,1.2358029334336218,1.3324558104550583,0.4897822124148518,0.4610464162702969,70.0,180.0,88,RV
101.84893361663818,65.82218616485596,71.16026976013184,1.431261207411835,0.92498505678422,92.00218977355956,81.90023874664307,29.923042304992677,3.0746268656716413,2.7370291400142146,0.5794979079497908,0.09667989141783254,103.0,170.0,89,RV
201.52963165283202,60.65021509552002,79.304461063385,2.5412143144350625,0.7647768395657418,136.1600517654419,61.98949429321289,40.274038730621335,3.380839271575614,1.5391923990498815,0.49215922798552475,0.32436708860759494,66.0,150.0,90,RV
187.6708984375,70.3857421875,118.6279296875,1.582012759827125,0.5933319613089113,91.6259765625,68.9453125,53.5400390625,1.7113543091655268,1.287733698130415,0.5486725663716814,0.5117731234551841,53.0,162.0,91,RV
213.20786075592042,99.85093239784241,109.7468350982666,1.9427244582043344,0.9098297213622292,126.63640866279601,109.03897367477417,42.20269806861877,3.0006709158000673,2.58369674605837,0.615454076367389,0.40604249667994696,69.0,170.0,92,RV
260.3466796875,53.9013671875,76.3916015625,3.408053691275168,0.705592841163311,66.46240234375,42.7587890625,15.8251953125,4.199784017278618,2.7019438444924404,0.792841163310962,0.7447157673624787,65.0,165.0,93,RV
86.20336415290832,33.680046529769896,79.80429688453674,1.080184495298918,0.42203299627461416,26.813790721893312,23.019653491973877,52.56578930854798,0.5100996498788042,0.43792081874495015,0.34131630299804855,0.6889472819839054,45.0,164.0,94,RV
201.4892578125,74.45068359375,118.54248046875,1.6997219647822057,0.6280506641952425,131.9580078125,83.67919921875,57.6416015625,2.2892842016094876,1.451715374841169,0.513747296879827,0.34508663516297106,76.0,165.0,95,RV
263.57927965164185,117.77398364067078,148.38191159248353,1.7763572178227267,0.7937219730941704,168.62674830436706,126.56562252044678,65.7320117855072,2.56536721947017,1.9254792160241225,0.5570079190916898,0.36024277580835756,76.0,186.0,96,RV
222.5197519721985,100.45227737808227,120.56917346191406,1.845577485380117,0.8331505847953216,146.67927407455446,111.18275754547119,49.48800504302979,2.9639358860195903,2.246660730186999,0.589546783625731,0.3408258243390434,82.0,187.0,97,RV
184.25,104.3125,100.03125,1.8419243986254294,1.0427991252733522,148.09375,113.140625,54.140625,2.735353535353535,2.08975468975469,0.4587628865979381,0.1962347354138399,50.0,167.0,98,RV
200.44545325469971,94.10030743789673,139.2850365600586,1.4391025641025643,0.6755952380952381,133.65687516975402,103.39554282188415,77.74196866607666,1.7192370795734206,1.3299835931091057,0.44184981684981683,0.33320076360165457,80.0,180.0,99,RV
143.92326797676085,75.91766270637513,73.21682909584045,1.9657129344998816,1.0368881532277134,80.79993884849549,87.29232733535767,29.674543643951417,2.722870478413069,2.941656942823804,0.5947032395365335,0.4385901599903765,63.0,165.0,100,RV
120.82744969558716,137.27333335876466,226.01650592422484,0.534595688936525,0.6073597713469097,57.41255295181274,138.13465623474121,158.3219111404419,0.3626317579054743,0.8724923495409724,0.29951173037989753,0.5248384940966808,79.0,169.0,101,DCM
91.69921875,79.8828125,76.904296875,1.1923809523809523,1.0387301587301587,42.333984375,83.154296875,21.728515625,1.948314606741573,3.8269662921348315,0.7174603174603175,0.5383386581469649,75.0,156.0,102,NOR
100.4638671875,174.2431640625,175.78125,0.5715277777777777,0.99125,38.76953125,195.8251953125,121.5576171875,0.3189395460935931,1.6109660574412532,0.3084722222222222,0.6140947752126367,107.0,175.0,103,MINF
122.69484768676757,169.0325270614624,137.91020509338378,0.8896719978313906,1.225670913526701,31.72046869659424,198.26694841766357,18.374319816589356,1.7263479145473042,10.790437436419124,0.866766061263215,0.7414686166971359,74.0,180.0,104,HCM
114.26749517059326,145.75385278701782,125.35051678085327,0.911583758129724,1.1627702583933908,36.179565574646,154.87586262130736,27.828740146636964,1.3000791765637372,5.565320665083135,0.7779926173316928,0.6833783262630158,84.0,173.0,105,HCM
254.541015625,106.7138671875,238.37890625,1.0678000819336337,0.44766489143793525,198.6572265625,106.0546875,225.1220703125,0.8824422513827134,0.4710985793297907,0.05561245391233101,0.21954728563207365,91.0,181.0,106,DCM
116.71338040161133,70.52523770904541,122.52661891937255,0.9525553012967202,0.5755911517925248,51.141545288085936,72.28229372406005,49.4031813583374,1.0351872871736663,1.4631101021566402,0.5967963386727689,0.5618193465727098,47.0,155.0,107,NOR
194.3603515625,167.1630859375,163.4521484375,1.1890963405526513,1.0227035100821509,52.63671875,170.6298828125,41.5771484375,1.266001174398121,4.1039342337052265,0.7456310679611651,0.7291797512875267,90.0,170.0,108,HCM
215.52734375,91.50390625,155.3955078125,1.3869599371563237,0.5888452474469756,143.4814453125,94.23828125,75.1708984375,1.9087366027931147,1.253653783696005,0.5162608012568736,0.33427729950158586,60.0,180.0,109,RV
164.2822265625,120.6787109375,129.2724609375,1.2708215297450425,0.9335221907459867,90.8447265625,128.759765625,44.0185546875,2.0637825845812534,2.925124792013311,0.6594900849858357,0.4470203596373904,116.0,167.0,110,NOR
96.029296875,116.615478515625,87.110595703125,1.102383654937571,1.3387060158910329,34.84423828125,147.2080078125,28.061279296875,1.2417195207892882,5.245947850599014,0.6778660612939841,0.6371499176276771,80.0,172.0,111,HCM
158.11634926605225,134.6951664276123,202.71566471099854,0.7799907791609036,0.6644536652835408,60.63712460327149,139.1999589767456,114.30210140228272,0.5304987735077679,1.217825020441537,0.43614568925772246,0.6165031327580092,90.0,172.0,112,MINF
180.64623527526857,170.39640186309813,297.52831352233886,0.6071564522268748,0.5727065093262276,107.08527614593505,186.4223844909668,246.95869342803954,0.4336161430864481,0.7548727356110985,0.16996574038827564,0.40721003134796246,95.0,183.0,113,DCM
143.91036446380616,274.6054246444702,191.3882610397339,0.7519288993065729,1.4348080867272193,55.3098803024292,295.2788709487915,68.73079752349854,0.8047321185749252,4.296165352189284,0.6408828987205781,0.6156643719963631,80.0,172.0,114,HCM
144.8075845565796,139.87287404632568,181.51884001922608,0.7977551230563279,0.7705694573164452,80.33858247375488,150.35913388061525,113.18057628631591,0.7098265895953758,1.3284888521882743,0.37648028009473794,0.44520459532722345,92.0,165.0,115,MINF
98.7060546875,129.98046875,125.048828125,0.7893401015228426,1.0394377196407654,40.6982421875,140.478515625,48.2666015625,0.8431967627718766,2.9104704097116842,0.6140179617336978,0.5876824140489736,83.0,165.0,116,HCM
212.2112440261841,182.35998385620118,377.2997410964966,0.5624473619024029,0.48332920485509046,100.54472664642334,206.94007598114013,273.53997578430176,0.3675686756867569,0.7565258985923192,0.2750061927173644,0.5262045274376816,92.0,180.0,117,DCM
156.33009607315063,131.0572813873291,153.26739228820801,1.0199827487061528,0.8550891316848764,75.1574288520813,134.38439125442505,103.84548876571655,0.7237428389560789,1.2940802036919161,0.32245543415756184,0.5192389006342495,80.0,176.0,118,MINF
225.00083207130433,66.69470332145691,125.87191832542419,1.787537959734563,0.5298616578562592,109.83177846908569,75.0191536617279,48.79996653556824,2.2506527415143602,1.5372787931534666,0.612304577662805,0.5118605675454603,60.0,162.0,119,RV
62.33203125,116.536376953125,132.870849609375,0.46911742818871854,0.8770650394403929,18.766845703125,123.141357421875,83.471923828125,0.22482823975361288,1.4752428334517886,0.37178151510641466,0.6989213197969543,55.0,161.0,120,MINF
225.27868183135988,113.86156804275512,159.8617526435852,1.4092093831450914,0.7122502172024328,125.94494986724854,129.5560754699707,56.47244884872436,2.2302016724053124,2.294146581406788,0.6467419635099914,0.4409371146732429,75.0,183.0,121,RV
132.09445129394533,137.36096209716797,225.5966021118164,0.5855338691159587,0.6088786835055492,59.543228698730466,153.41950323486327,155.43401556396483,0.38307720792445843,0.9870394371412702,0.311009057277714,0.5492374727668845,65.0,165.0,122,DCM
154.3250166168213,113.40817540359497,124.99797533798218,1.2346201304424467,0.9072800987132028,59.82187608718872,131.7182965927124,42.43717618560791,1.409657320872274,3.103842159916926,0.6604970914859862,0.6123643632210166,70.0,170.0,123,NOR
215.4163883972168,102.66822086334228,115.15489637374878,1.8706663388246865,0.891566265060241,139.22218477249146,103.9848431110382,43.10876069068909,3.2295566502463053,2.4121510673234807,0.625645438898451,0.3537066246056782,64.0,174.0,124,RV
113.92321749687194,67.86975328445435,103.64506962776184,1.0991667804944678,0.654828575331239,60.67788122177124,68.42188519477844,46.47818106651306,1.30551325007615,1.4721291501675298,0.5515639939898921,0.4673791475083882,46.0,160.0,125,NOR
156.16838725090028,35.138241062164305,67.40256474494934,2.316950220541903,0.5213190506196177,69.72435021400452,40.418887281417845,28.257828025817872,2.467434869739479,1.4303607214428857,0.5807603444654484,0.5535309582086847,35.0,137.0,126,RV
217.59660158157348,75.48634220123292,132.72401690483093,1.6394666666666666,0.5687466666666667,122.57328409194946,82.40922692298889,65.46302444458007,1.8724048442906576,1.2588667820069206,0.5067733333333334,0.4366948601171112,54.0,165.0,127,RV
154.0826443748474,106.13700814437867,161.68431923675536,0.9529844644317254,0.6564458980648679,82.45062995147705,126.38610726928711,74.6506505279541,1.104486422668241,1.693034238488784,0.538293813028073,0.46489346489346484,74.0,170.0,128,NOR
249.74504041290282,103.1475528793335,171.7943570175171,1.4537441435718257,0.6004129278170413,132.04141837310792,117.55355947113037,76.709256690979,1.721323137115419,1.5324559843499912,0.5534820932263956,0.4712951330092314,75.0,183.0,129,RV
212.47293321990966,143.23744939422608,183.42543271636964,1.1583613573830631,0.7809028839294813,97.21753546905518,161.35008001708985,72.37575415039062,1.3432334710743803,2.229338842975207,0.6054213798023032,0.5424474355590745,95.0,185.0,130,NOR
212.526123046875,117.42626953125,229.98779296875,0.9240756663800516,0.5105760963026655,170.859375,124.565185546875,198.544921875,0.8605577689243028,0.6273904382470119,0.13671539122957868,0.1960547129431469,64.0,164.0,131,DCM
177.50004168701173,165.14457332611084,260.9041261444092,0.6803266943688208,0.6329703395901992,136.60175912475586,171.48119023132324,225.46393247985839,0.605869673354336,0.7605703863372575,0.13583607966757424,0.23041280539174394,80.0,163.0,132,DCM
191.1376953125,196.533203125,373.291015625,0.5120340091563114,0.52648790058862,139.0380859375,197.4609375,316.11328125,0.43983626814952115,0.6246524559777572,0.15317200784826684,0.27257631881466343,121.0,185.0,133,DCM
141.23243713378906,136.32345581054688,114.91194152832031,1.2290492637702235,1.1863297582257772,69.72842407226562,144.03160095214844,46.47865295410156,1.5002247191011235,3.098876404494382,0.5955280858025813,0.5062860523591185,104.0,185.0,134,HCM
199.2787688293457,164.87037497711182,293.3487236404419,0.6793237971391417,0.5620286085825748,82.93109560394286,167.1210348854065,229.6436042022705,0.3611295681063123,0.7277408637873755,0.21716514954486352,0.583843797856049,95.0,184.0,135,MINF
161.57878826522827,168.2002078742981,275.3810732536316,0.5867461636203695,0.610790734043593,81.20659740066529,166.07381702423095,179.10132552337646,0.4534114818154494,0.9272617974150886,0.34962369269866095,0.4974179576878227,89.0,167.0,136,DCM
140.37756034851074,142.4336897277832,212.45424113464355,0.6607425655463663,0.6704205525250747,65.36622217559814,151.5928115081787,124.91920583343506,0.5232679934161304,1.2135268591949722,0.41201830019355973,0.5343541944074568,68.0,170.0,137,MINF
135.16246855926514,184.56564991760254,123.9846015701294,1.090155284185135,1.4886175184682646,70.00185932159424,233.12768743896484,28.65496671295166,2.442922374429224,8.135681669928246,0.7688828584350972,0.48209099709583736,90.0,174.0,138,HCM
141.92621541023254,84.71685516357422,144.74350387573242,0.9805359937402192,0.5852895148669797,59.814290285110474,91.73884048461915,53.64173867225647,1.1150699392979677,1.7102137767220902,0.6294014084507041,0.5785536159600998,75.0,175.0,139,NOR
345.93187766075135,76.78880722045898,123.62091899871827,2.798327989005955,0.6211635364177737,147.80146522521972,69.85176527023316,46.78964009284973,3.1588502269288954,1.492889561270802,0.6215071003206597,0.5727440147329651,68.0,165.0,140,RV
327.9339439086914,95.7034765625,113.77872301483154,2.882207984228684,0.841136849022507,146.20949095153807,97.32968798065185,36.80471588897705,3.972574911122397,2.644489588623667,0.6765237391161492,0.5541495668034656,75.0,170.0,141,RV
130.02214511108397,127.29310066223144,103.18031066894531,1.2601449275362318,1.233695652173913,41.02912715911865,147.9104707107544,10.747949028015137,3.817391304347826,13.761739130434782,0.8958333333333333,0.6844450833812536,98.0,160.0,142,HCM
147.9104707107544,167.2380868759155,250.92255261230468,0.5894666269368296,0.6664928486293206,55.32857238769531,167.57454441070556,181.51884001922608,0.3048089795077747,0.9231798990835135,0.27659415971394513,0.6259320106154429,85.0,161.0,143,MINF
114.1435546875,85.568115234375,102.139892578125,1.1175217812197482,0.8377541142303969,39.649658203125,97.037841796875,29.959716796875,1.3234323432343233,3.238943894389439,0.7066795740561471,0.6526334026334026,88.0,157.0,144,NOR
119.1463901977539,191.7898454246521,227.29275059509277,0.5241979336595975,0.8438009787928222,59.32600341796875,210.88540277481079,179.8628468208313,0.3298402336368322,1.1724789555059267,0.20867319195214792,0.5020746887966805,80.0,171.0,145,MINF
146.50300335311888,143.4623334083557,146.56910487365724,0.9995490078171977,0.9788033674082981,47.989703910827636,160.56059338760377,37.545663665771485,1.278169014084507,4.276408450704226,0.7438364401683705,0.6724319446533312,172.0,170.0,146,HCM
310.02803826904295,105.7639885559082,119.1012826385498,2.6030621283057065,0.8880172086549412,121.01522201538086,131.15759367370606,38.459632202148434,3.146551724137931,3.410266457680251,0.6770846513982032,0.6096636204549873,104.0,172.0,147,RV
122.66238827896119,98.66753632354737,142.00809995651244,0.8637703646237395,0.6948021722265323,88.99468048477173,111.68953586959839,97.74211503601074,0.9105049594229035,1.1426961226330026,0.31171450737005424,0.27447458236033767,70.0,170.0,148,MINF
156.601318359375,124.367431640625,206.593505859375,0.7580166554991864,0.601991002201589,87.802734375,136.509521484375,119.95751953125,0.731948565776459,1.1379821958456973,0.41935483870967744,0.43932314686197754,70.0,173.0,149,DCM
110.63845269012451,85.47890592193603,113.64787841796876,0.9735197368421052,0.7521381578947368,62.394180618286136,95.25486651611328,36.74863963317871,1.6978636826042726,2.5920651068158698,0.6766447368421052,0.43605338739651966,56.0,158.0,150,NOR
